0 0.1625 0.33671875 0.1609375 0.1828125
0 0.1828125 0.5765625 0.14921875 0.196875
0 0.20546875 0.82421875 0.07421875 0.27890625
0 0.33203125 0.8171875 0.06484375 0.271875
0 0.4578125 0.33671875 0.06484375 0.2015625
0 0.459375 0.57421875 0.06015625 0.19453125
0 0.4625 0.79296875 0.0578125 0.21640625
0 0.56484375 0.3296875 0.0671875 0.1875
0 0.55390625 0.56953125 0.05546875 0.2046875
0 0.55078125 0.7828125 0.05546875 0.21171875
0 0.65390625 0.16015625 0.06015625 0.21875
0 0.6421875 0.50703125 0.0625 0.2359375
0 0.6296875 0.77734375 0.06484375 0.2359375
0 0.740625 0.49765625 0.08671875 0.23046875
0 0.7203125 0.7640625 0.0796875 0.2453125
0 0.83046875 0.771875 0.07421875 0.23828125