0 0.2140625 0.20859375 0.0703125 0.08359375
0 0.37109375 0.27109375 0.096875 0.11328125
0 0.5046875 0.25859375 0.11015625 0.11328125
0 0.56328125 0.2171875 0.0734375 0.10703125
0 0.29453125 0.42890625 0.13359375 0.17890625
0 0.48828125 0.42578125 0.146875 0.190625
0 0.6890625 0.434375 0.17734375 0.23203125
0 0.878125 0.434375 0.18359375 0.23203125
0 0.36953125 0.625 0.18359375 0.23828125
0 0.62578125 0.61640625 0.2109375 0.23828125
0 0.8796875 0.60703125 0.22109375 0.20859375
0 0.4796875 0.88984375 0.27109375 0.20859375
0 0.86484375 0.878125 0.2640625 0.20859375