0 0.090625 0.196875 0.090625 0.21328125
0 0.209375 0.196875 0.08359375 0.20234375
0 0.321875 0.19140625 0.0796875 0.1859375
0 0.434375 0.19921875 0.065625 0.15859375
0 0.57421875 0.19140625 0.09453125 0.2078125
0 0.69296875 0.19921875 0.0984375 0.2078125
0 0.8 0.19140625 0.0765625 0.19140625
0 0.91640625 0.19921875 0.0578125 0.19140625
0 0.090625 0.61484375 0.090625 0.1859375
0 0.57421875 0.61171875 0.08359375 0.19140625
0 0.434375 0.61484375 0.06171875 0.16953125
0 0.3234375 0.60390625 0.06875 0.16953125
0 0.209375 0.609375 0.0765625 0.18046875
0 0.09453125 0.4046875 0.0875 0.175
0 0.209375 0.40703125 0.07265625 0.18046875
0 0.31796875 0.40703125 0.07265625 0.196875
0 0.4328125 0.4015625 0.065625 0.175
0 0.57421875 0.4015625 0.08359375 0.19140625
0 0.6875 0.4015625 0.0796875 0.19140625
0 0.8 0.4015625 0.07265625 0.196875
0 0.9125 0.39921875 0.07265625 0.15859375
0 0.6890625 0.61171875 0.08359375 0.1859375
0 0.80546875 0.61484375 0.0796875 0.16953125
0 0.9125 0.609375 0.0765625 0.153125
0 0.91640625 0.8140625 0.07265625 0.16953125
0 0.80390625 0.8171875 0.0796875 0.18046875
0 0.690625 0.81171875 0.0796875 0.18046875
0 0.578125 0.8140625 0.08359375 0.16953125
0 0.43125 0.8140625 0.065625 0.175
0 0.31796875 0.8140625 0.07265625 0.1859375
0 0.2109375 0.8171875 0.0765625 0.1859375
0 0.09296875 0.8140625 0.08359375 0.18046875