0 0.89609375 0.8203125 0.14375 0.1109375
0 0.340625 0.51484375 0.0859375 0.0859375
0 0.203125 0.46484375 0.0859375 0.075
0 0.528125 0.7703125 0.115625 0.1078125
0 0.36328125 0.42421875 0.0703125 0.06875
0 0.5375 0.86953125 0.128125 0.1375
0 0.5078125 0.48984375 0.0796875 0.0828125
0 0.86484375 0.73203125 0.11875 0.0953125
0 0.72265625 0.75390625 0.11875 0.1
0 0.11171875 0.67890625 0.125 0.1125
0 0.27890625 0.8796875 0.1359375 0.140625
0 0.15546875 0.5875 0.15 0.159375
0 0.7046875 0.67578125 0.1171875 0.0890625